0.000000	0.000000	0.000000
0.000000	0.000000	0.000000
0.000000	0.000000	0.000000
0.000000	0.000000	0.000000
0.390192	0.462919	0.159289
0.391028	0.459768	0.159675
0.388636	0.457874	0.160814
0.380619	0.455151	0.155453
0.366933	0.451696	0.157427
0.346281	0.446667	0.156897
0.325951	0.441296	0.153469
0.302829	0.436435	0.154483
0.282280	0.433119	0.159730
0.260001	0.430820	0.160626
0.241715	0.430378	0.162125
0.229768	0.431317	0.162020
0.222687	0.433510	0.164262
0.222037	0.435459	0.166046
0.226970	0.435992	0.169173
0.237488	0.434968	0.172496
0.259436	0.435814	0.174292
0.286241	0.440340	0.170303
0.321105	0.450309	0.169462
0.343090	0.458508	0.169080
0.362329	0.467697	0.170869
0.370761	0.473451	0.173865
0.365572	0.469426	0.181723
0.352538	0.457395	0.185345
0.335131	0.439734	0.189316
0.318927	0.421654	0.190196
0.304096	0.400890	0.188969
0.293803	0.383682	0.187608
0.283983	0.367753	0.189306
0.280171	0.356995	0.188456
0.286977	0.347743	0.192269
0.302497	0.341312	0.196533
0.329238	0.335740	0.197618
0.356334	0.329115	0.199189
0.376745	0.322159	0.202751
0.406159	0.308849	0.203260
0.432702	0.296100	0.203832
0.463049	0.283971	0.209897
0.485270	0.277230	0.208838
0.503369	0.273792	0.205609
0.516762	0.273919	0.207324
0.523956	0.277555	0.208379
0.528340	0.285375	0.212604
0.528279	0.296128	0.216792
0.526644	0.311419	0.221348
0.520780	0.327216	0.226531
0.505225	0.345183	0.229371
0.485509	0.360209	0.230917
0.470714	0.371783	0.231628
0.464181	0.381008	0.231602
0.460030	0.397738	0.233909
0.466347	0.423286	0.235003
0.485798	0.452607	0.233505
0.512143	0.478429	0.232167
0.543647	0.503585	0.230196
0.567995	0.520097	0.232934
0.583449	0.531262	0.226370
0.585888	0.536137	0.226420
0.582267	0.539051	0.231566
0.572161	0.538162	0.238377
0.554899	0.533421	0.243773
0.536597	0.528846	0.245484
0.515904	0.525592	0.245159
0.500077	0.525160	0.249420
0.489061	0.524615	0.248092
0.483675	0.524537	0.249410
0.482982	0.524963	0.251778
0.486110	0.526405	0.247825
0.492457	0.527983	0.247711
0.503210	0.529834	0.244835
0.513124	0.529165	0.240049
0.523498	0.523885	0.244687
0.532898	0.518125	0.242611
0.545769	0.514200	0.238895
0.560334	0.512972	0.239776
0.578298	0.512557	0.236518
0.595091	0.509334	0.236173
0.610324	0.503813	0.234047
0.630365	0.497892	0.227802
0.645012	0.490396	0.225174
0.655242	0.478937	0.227618
0.656373	0.468085	0.230464
0.654443	0.457479	0.233773
0.648870	0.451157	0.234414
0.644165	0.447154	0.234960
0.637768	0.444366	0.234550
0.633932	0.444287	0.240445
0.632654	0.448566	0.241279
0.632749	0.457502	0.238271
0.635671	0.475964	0.238874
0.638197	0.494655	0.234819
0.641273	0.517771	0.235986
0.646207	0.539792	0.237330
0.652379	0.565944	0.236536
0.658135	0.593470	0.231367
0.660229	0.618593	0.227040
0.658887	0.647628	0.218583
0.653170	0.670202	0.216747
0.643659	0.691211	0.210518
0.630498	0.701970	0.205685
0.618434	0.707358	0.201970
0.594528	0.702480	0.201924
0.571308	0.693805	0.200561
0.544947	0.679762	0.200149
0.520477	0.666867	0.196999
0.493983	0.651768	0.194537
0.470410	0.638106	0.195614
0.448450	0.626115	0.195180
0.427685	0.614730	0.192840
0.409041	0.603215	0.195603
0.388481	0.589671	0.184034
0.375022	0.576417	0.182639
0.366410	0.560660	0.179633
0.367853	0.545636	0.177109
0.376111	0.527268	0.171557
0.385207	0.513799	0.172037
0.398603	0.493875	0.168522
0.412205	0.471959	0.165395
0.423315	0.452638	0.161872
0.434095	0.440880	0.160290
0.445030	0.437697	0.162325
0.452830	0.445020	0.159839
0.460679	0.459000	0.156235
0.467478	0.477425	0.152730
0.475675	0.503191	0.155119
0.481635	0.531457	0.153678
0.485496	0.567473	0.151143
0.486050	0.600481	0.147450
0.487142	0.637158	0.142707
0.491423	0.670390	0.136916
0.497426	0.694824	0.136350
0.501600	0.707913	0.133696
0.505957	0.720641	0.133216
0.509766	0.723389	0.133878
0.513145	0.722620	0.131259
0.516714	0.714635	0.130142
0.520490	0.701690	0.127677
0.521162	0.683162	0.124440
0.519678	0.655154	0.122303
0.519882	0.624116	0.117177
0.522338	0.586160	0.115105
0.524563	0.554945	0.110913
0.525409	0.525773	0.115028
0.523127	0.505270	0.114607
0.518828	0.486243	0.116389
0.520817	0.476106	0.114572
0.528480	0.471476	0.113617
0.535935	0.471250	0.118683
0.546419	0.473718	0.119043
0.558765	0.478262	0.124052
0.568514	0.481867	0.122964
0.575087	0.487622	0.120638
0.575605	0.497579	0.121587
0.567896	0.512768	0.124165
0.551486	0.535361	0.133233
0.531529	0.556649	0.135610
0.505811	0.579812	0.137137
0.482963	0.597418	0.143884
0.457911	0.613882	0.147967
0.432048	0.627857	0.155285
0.411883	0.637480	0.161546
0.396513	0.646100	0.164609
0.391925	0.651092	0.170387
0.389823	0.663377	0.179410
0.391788	0.677784	0.182807
0.398538	0.694480	0.195465
0.407499	0.707361	0.204176
0.425968	0.716736	0.209661
0.451653	0.721626	0.220261
0.476413	0.724512	0.227427
0.503025	0.724894	0.235299
0.524068	0.720309	0.238153
0.539929	0.710219	0.245673
0.546529	0.699379	0.247393
0.545208	0.687845	0.251037
0.538394	0.681088	0.259621
0.526975	0.680154	0.265587
0.507275	0.680223	0.274195
0.483599	0.679828	0.278204
0.464486	0.678446	0.286864
0.437100	0.674688	0.293949
0.402687	0.667851	0.309292
0.372170	0.661596	0.314394
0.344106	0.658440	0.323829
0.326868	0.660393	0.333039
0.317861	0.669822	0.340947
0.318130	0.685206	0.344264
0.325371	0.708275	0.348557
0.336067	0.736891	0.352684
0.344416	0.766007	0.360468
0.351304	0.799958	0.369490
0.356267	0.830562	0.371304
0.357528	0.860977	0.381064
0.355198	0.884113	0.381760
0.347911	0.903800	0.392816
0.339014	0.917685	0.399767
0.327370	0.932240	0.409244
0.318993	0.942233	0.413444
0.307234	0.955134	0.416511
0.292885	0.967671	0.417289
0.280676	0.975168	0.420434
0.269302	0.980547	0.420131
0.264101	0.980688	0.424938
0.265214	0.974114	0.429403
0.273661	0.962564	0.433400
0.291738	0.946078	0.432295
0.317056	0.927295	0.430346
0.343779	0.908062	0.428610
0.381616	0.887953	0.429265
0.421056	0.872763	0.432809
0.465735	0.864728	0.432345
0.502196	0.862625	0.433475
0.524628	0.863700	0.434130
0.556733	0.864942	0.429678
0.581112	0.866650	0.433808
0.604847	0.869466	0.435557
0.616852	0.874547	0.435941
0.620033	0.881986	0.435272
0.612218	0.890592	0.429942
0.602349	0.899832	0.428512
0.584347	0.911587	0.423926
0.562899	0.921196	0.421029
0.535475	0.929643	0.420197
0.509013	0.936282	0.416669
0.482613	0.942115	0.411539
0.461635	0.948199	0.406247
0.444181	0.953838	0.399883
0.431363	0.957543	0.398793
0.425880	0.958305	0.390747
0.425222	0.957643	0.388506
0.429255	0.956655	0.388671
0.435137	0.955940	0.386143
0.444129	0.960168	0.386285
0.458600	0.969869	0.381850
0.479234	0.985298	0.384325
0.501750	1.000441	0.379373
0.528592	1.018109	0.367147
0.552043	1.034072	0.358052
0.574308	1.048370	0.350334
0.592624	1.059827	0.344698
0.609484	1.072575	0.341932
0.623402	1.085730	0.333616
0.631467	1.102252	0.328092
0.633677	1.118789	0.321024
0.629243	1.136635	0.311702
0.625239	1.147931	0.303931
0.619673	1.159967	0.298994
0.613398	1.170460	0.289864
0.610668	1.173390	0.282625
0.609590	1.173685	0.271406
0.610221	1.174373	0.263600
0.610182	1.177067	0.259343
0.611396	1.179881	0.247814
0.613020	1.181109	0.243119
0.613237	1.178446	0.233488
0.611074	1.171441	0.226622
0.602397	1.155664	0.219813
0.589922	1.135981	0.211304
0.572079	1.110274	0.203723
0.555217	1.087100	0.200528
0.537151	1.064731	0.200616
0.525577	1.052362	0.199936
0.511766	1.043043	0.200466
0.496217	1.036303	0.198874
0.482148	1.036604	0.200744
0.464644	1.038912	0.207089
0.445859	1.041648	0.211151
0.422190	1.043809	0.214171
0.401117	1.047019	0.223184
0.378829	1.053055	0.230283
0.361561	1.059717	0.236337
0.349628	1.064550	0.243065
0.343910	1.067739	0.251597
0.345226	1.068851	0.253433
0.356840	1.067323	0.261301
0.373360	1.065041	0.270406
0.396890	1.064533	0.282114
0.420491	1.065589	0.287814
0.441159	1.066869	0.298601
0.475614	1.070022	0.310169
0.507975	1.073970	0.328416
0.545302	1.078523	0.337932
0.578747	1.079524	0.346078
0.616019	1.077921	0.354426
0.642204	1.072511	0.360713
0.663813	1.062157	0.365140
0.670766	1.049074	0.373542
0.667633	1.032999	0.376198
0.649385	1.019530	0.382283
0.625264	1.010558	0.379440
0.595386	1.003195	0.382839
0.570417	0.998637	0.387961
0.545735	0.994811	0.390799
0.528190	0.991101	0.394811
0.521066	0.988187	0.399003
0.516433	0.983997	0.400931
0.519827	0.980106	0.401346
0.527986	0.975556	0.406299
0.539756	0.973444	0.408384
0.556395	0.972919	0.410852
0.575559	0.972695	0.413385
0.603655	0.973957	0.416190
0.637009	0.978842	0.417817
0.680569	0.987952	0.415344
0.719850	0.996556	0.421537
0.762157	1.005722	0.414887
0.799268	1.016041	0.416946
0.825919	1.027528	0.414312
0.850094	1.043181	0.415741
0.865238	1.059280	0.418188
0.875866	1.078623	0.421000
0.877348	1.089996	0.422127
0.871784	1.112346	0.422130
0.857018	1.135970	0.424359
0.837436	1.154193	0.423512
0.814171	1.168880	0.421487
0.795739	1.176678	0.426495
0.778575	1.181030	0.428247
0.761598	1.182928	0.430032
0.748972	1.182854	0.434999
0.741859	1.182024	0.441395
0.745427	1.179481	0.443670
0.759397	1.173267	0.442241
0.780137	1.165154	0.443234
0.810620	1.154601	0.443978
0.833494	1.146642	0.443570
0.864492	1.134552	0.448766
0.896799	1.121442	0.451369
0.923192	1.112583	0.457389
0.949720	1.105879	0.462550
0.972975	1.100569	0.465156
0.992627	1.093636	0.471817
1.014531	1.080055	0.474388
1.033439	1.063033	0.478682
1.052583	1.043049	0.483588
1.068776	1.027521	0.492173
1.086506	1.012583	0.504556
1.097798	1.001064	0.513475
1.107540	0.987534	0.520174
1.112393	0.977664	0.529626
1.114722	0.971101	0.530477
1.113607	0.969558	0.537377
1.108916	0.970287	0.540727
1.098140	0.975538	0.546815
1.086146	0.982007	0.548934
1.070100	0.990153	0.555825
1.050428	1.002321	0.561466
1.035972	1.016074	0.565495
1.023682	1.032873	0.573477
1.020476	1.047898	0.578336
1.019587	1.063953	0.576866
1.023350	1.077676	0.578824
1.028341	1.094974	0.582214
1.036566	1.113501	0.583463
1.046071	1.131318	0.580596
1.053988	1.144813	0.578494
1.064661	1.162508	0.578649
1.074833	1.180074	0.578081
1.082034	1.193010	0.572366
1.086663	1.204914	0.572151
1.090482	1.214946	0.562548
1.095086	1.220536	0.556877
1.101022	1.224188	0.548032
1.106886	1.223798	0.541529
1.114028	1.222090	0.531607
1.122729	1.221674	0.519723
1.134615	1.220715	0.510975
1.149801	1.220623	0.502104
1.169905	1.219432	0.489374
1.191527	1.221330	0.475942
1.216520	1.224019	0.464606
1.242303	1.227704	0.451171
1.265657	1.230933	0.440073
1.289360	1.235417	0.430880
1.301406	1.237532	0.425833
1.319577	1.241157	0.417211
1.333817	1.245088	0.410696
1.346711	1.250485	0.401481
1.355909	1.256032	0.393593
1.365597	1.263401	0.387725
1.377256	1.274561	0.381695
1.387823	1.289433	0.378886
1.399684	1.308010	0.375725
1.405754	1.325572	0.368856
1.409301	1.345310	0.363654
1.406708	1.364609	0.362107
1.401439	1.388431	0.360156
1.395261	1.409998	0.359853
1.388187	1.432983	0.359262
1.379220	1.451621	0.360346
1.365158	1.471425	0.358941
1.351527	1.483184	0.360203
1.341164	1.489347	0.359710
1.328001	1.493598	0.360536
1.319430	1.497778	0.352087
1.312692	1.501341	0.344758
1.306333	1.504076	0.343038
1.297428	1.503406	0.342478
1.288409	1.501859	0.334965
1.276962	1.497793	0.332085
1.266146	1.496053	0.328352
1.258154	1.500594	0.323834
1.248415	1.507560	0.322741
1.239662	1.524678	0.316427
1.226456	1.549611	0.308240
1.212509	1.575645	0.304014
1.196760	1.605942	0.302410
1.187885	1.626266	0.299819
1.178463	1.654889	0.297574
1.176481	1.682843	0.291371
1.180481	1.703737	0.285774
1.188862	1.717367	0.282211
1.196391	1.725413	0.278669
1.203940	1.726696	0.280237
1.211484	1.725159	0.278182
1.219835	1.720820	0.275685
1.228060	1.715148	0.271562
1.239863	1.708250	0.265192
1.252505	1.702296	0.265500
1.267282	1.696424	0.259469
1.280449	1.692146	0.259727
1.286531	1.694256	0.256425
1.287081	1.703141	0.261545
1.280727	1.717730	0.263471
1.273579	1.731032	0.260863
1.257822	1.752586	0.259912
1.240438	1.771226	0.259096
1.216727	1.790034	0.260329
1.193653	1.805969	0.262618
1.168451	1.822584	0.261941
1.146859	1.835549	0.263975
1.121658	1.845641	0.265004
1.097889	1.851041	0.265683
1.073360	1.852976	0.266219
1.054431	1.853225	0.271945
1.037947	1.854360	0.275262
1.026208	1.856646	0.278738
1.013758	1.859026	0.281923
1.003890	1.860494	0.285464
0.998097	1.861941	0.288948
0.999542	1.862535	0.295907
1.006315	1.862434	0.301142
1.019028	1.864382	0.302443
1.027604	1.868111	0.307480
1.042740	1.878775	0.314931
1.052514	1.889319	0.318918
1.058400	1.898943	0.322153
1.056626	1.908254	0.324475
1.049206	1.918036	0.323470
1.029723	1.931285	0.323478
1.004723	1.943690	0.327344
0.972381	1.956428	0.328751
0.942229	1.966907	0.331740
0.907773	1.978615	0.330699
0.878849	1.988258	0.334077
0.850332	1.999933	0.334923
0.828762	2.009694	0.336194
0.807366	2.018275	0.334775
0.792010	2.023121	0.336664
0.781404	2.025566	0.335045
0.768205	2.027395	0.334687
0.761356	2.027345	0.334946
0.757557	2.025865	0.341589
0.758106	2.023009	0.339859
0.762055	2.017877	0.337593
0.770249	2.009820	0.330806
0.779589	2.001837	0.329045
0.791159	1.994395	0.323650
0.799827	1.992895	0.323048
0.807238	1.995673	0.320932
0.809967	2.003764	0.323543
0.809851	2.017856	0.323118
0.806344	2.035377	0.323438
0.800907	2.061473	0.328382
0.792318	2.091460	0.327558
0.781637	2.117701	0.326299
0.769824	2.132228	0.323833
0.751293	2.145945	0.319405
0.728346	2.153246	0.315011
0.707513	2.157161	0.315516
0.684273	2.160963	0.315408
0.660159	2.166589	0.315911
0.639493	2.172064	0.318763
0.620967	2.175671	0.321355
0.609032	2.174270	0.314712
0.598275	2.169452	0.313926
0.595074	2.166695	0.316389
0.595787	2.165571	0.313192
0.597774	2.168158	0.313232
0.597876	2.170771	0.311334
0.594674	2.170724	0.307401
0.590937	2.170219	0.308625
0.588814	2.172670	0.309305
0.589054	2.176851	0.311591
0.595162	2.189266	0.309053
0.607057	2.204983	0.310260
0.625008	2.226931	0.314228
0.640635	2.248955	0.308108
0.656809	2.276130	0.315109
0.673711	2.305086	0.314419
0.688002	2.327646	0.310026
0.704682	2.350474	0.307016
0.719903	2.367215	0.305763
0.739532	2.386591	0.303142
0.759782	2.402450	0.303882
0.785187	2.419172	0.304123
0.806918	2.432593	0.301927
0.822457	2.441840	0.300605
0.828219	2.446721	0.297560
0.832827	2.450827	0.297101
0.829225	2.451931	0.300057
0.820761	2.454151	0.299006
0.810212	2.459115	0.302363
0.798072	2.466479	0.306892
0.783201	2.473697	0.304856
0.759729	2.480135	0.309971
0.732860	2.486398	0.313559
0.709059	2.493236	0.312010
0.682852	2.503065	0.318222
0.658786	2.512619	0.316295
0.631426	2.523826	0.310581
0.605614	2.533066	0.312754
0.589171	2.537040	0.311942
0.567932	2.539514	0.309833
0.554722	2.535293	0.312302
0.542014	2.526788	0.314053
0.538636	2.516933	0.313457
0.541851	2.504959	0.316308
0.553037	2.499613	0.316555
0.569827	2.498389	0.316574
0.591290	2.500655	0.312849
0.613574	2.503104	0.314466
0.637553	2.507239	0.312677
0.656230	2.512228	0.317513
0.668256	2.514924	0.317806
0.673163	2.512361	0.319375
0.672790	2.504439	0.320261
0.671702	2.498479	0.319487
0.670997	2.491735	0.316526
0.673132	2.486362	0.317475
0.673374	2.480231	0.314328
0.671214	2.472883	0.313285
0.664911	2.468226	0.308655
0.653643	2.465344	0.312691
0.645007	2.471687	0.315650
0.638463	2.485182	0.317348
0.634688	2.504133	0.315813
0.631260	2.530959	0.316021
0.633330	2.563612	0.316657
0.638563	2.595384	0.318175
0.643365	2.620295	0.316615
0.650180	2.665014	0.318944
0.652377	2.693063	0.315058
0.652293	2.712917	0.315487
0.649781	2.723582	0.311697
0.643554	2.735244	0.301299
0.638487	2.742247	0.297014
0.636217	2.750057	0.294552
0.639118	2.756885	0.295996
0.646078	2.762990	0.293376
0.656333	2.765141	0.289619
0.671332	2.765851	0.289890
0.685052	2.766509	0.292248
0.696577	2.766295	0.292241
0.701610	2.764096	0.291314
0.701522	2.759678	0.287783
0.694363	2.754401	0.284751
0.679254	2.747124	0.288204
0.661846	2.741062	0.292165
0.643290	2.735964	0.296507
0.631213	2.735402	0.294656
0.627130	2.739355	0.298658
0.628194	2.745571	0.296401
0.632897	2.757072	0.294846
0.640864	2.771088	0.298806
0.648001	2.782747	0.302715
0.652754	2.795319	0.305782
0.653227	2.804771	0.302081
0.650496	2.811209	0.302971
0.646269	2.816613	0.301476
0.636131	2.828780	0.306785
0.622517	2.844734	0.306102
0.601977	2.865122	0.307546
0.578791	2.882625	0.305704
0.558386	2.894242	0.305751
0.538264	2.898905	0.305427
0.524395	2.894127	0.306914
0.514260	2.878171	0.311312
0.506397	2.856148	0.311524
0.499836	2.823654	0.311396
0.497941	2.791561	0.318400
0.498861	2.766577	0.318375
0.504196	2.734224	0.321339
0.512732	2.699608	0.320548
0.522109	2.674940	0.325956
0.531886	2.650854	0.325334
0.536202	2.628121	0.324366
0.535123	2.609452	0.324565
0.529643	2.589854	0.324900
0.520523	2.573650	0.332923
0.506432	2.555635	0.333307
0.491360	2.540795	0.332162
0.471693	2.528546	0.336175
0.455444	2.520215	0.340203
0.442116	2.509338	0.338137
0.429931	2.493508	0.337420
0.416643	2.478659	0.336682
0.399946	2.464869	0.341886
0.390449	2.458220	0.343296
0.376389	2.452721	0.341715
0.368939	2.455078	0.345246
0.365168	2.465758	0.344029
0.361725	2.486591	0.342388
0.356734	2.507949	0.347218
0.345964	2.525244	0.349250
0.332080	2.534158	0.350783
0.314363	2.543224	0.353613
0.297162	2.548129	0.352112
0.278484	2.553944	0.353120
0.262662	2.559384	0.350079
0.243971	2.566498	0.348939
0.231701	2.575150	0.350814
0.224959	2.588291	0.346858
0.224697	2.601525	0.345892
0.226304	2.613957	0.345003
0.229415	2.621648	0.349905
0.235882	2.630729	0.344361
0.248662	2.636147	0.342603
0.265431	2.636956	0.344926
0.284187	2.632934	0.345836
0.296140	2.626339	0.347182
0.302248	2.616656	0.346927
0.303709	2.606802	0.353989
0.302582	2.599164	0.359295
0.301438	2.589931	0.351250
-0.000162	-0.000169	0.000071
-0.007972	-0.019967	-0.009221
-0.041328	-0.228963	-0.011864
-0.081128	-0.467340	-0.017375
-0.098307	-0.504979	-0.019952
-0.119577	-0.548559	-0.020700
-0.132850	-0.555650	-0.023988
-0.145135	-0.555611	-0.024285
-0.147398	-0.540528	-0.026174
-0.147319	-0.510348	-0.028414
-0.137887	-0.461553	-0.032123
-0.121834	-0.407926	-0.034090
-0.097266	-0.337674	-0.031787
-0.074850	-0.268302	-0.031116
-0.050779	-0.193758	-0.039679
-0.029034	-0.127432	-0.039550
-0.006582	-0.064622	-0.043448
0.016088	-0.007720	-0.045611
0.031160	0.029449	-0.044276
0.044234	0.067023	-0.049084
0.052633	0.090812	-0.050388
0.062443	0.113744	-0.049557
0.069129	0.124666	-0.051140
0.076371	0.132074	-0.051383
0.081210	0.131241	-0.056048
0.087660	0.125874	-0.059066
0.092497	0.114459	-0.059471
0.094282	0.103663	-0.054699
0.094482	0.097083	-0.053436
0.094209	0.093362	-0.059830
0.093451	0.092158	-0.061956
0.092128	0.089263	-0.064196
0.097508	0.088100	-0.074940
0.107362	0.087688	-0.082200
0.125735	0.091058	-0.086741
0.144737	0.095762	-0.093258
0.165371	0.103743	-0.103185
0.182083	0.111197	-0.108833
0.193373	0.117777	-0.116885
0.204621	0.126123	-0.130410
0.212583	0.136223	-0.143108
0.217646	0.144381	-0.146576
0.224714	0.157929	-0.153370
0.229884	0.169153	-0.153466
0.234745	0.179987	-0.162022
0.239117	0.188526	-0.168120
0.241407	0.197441	-0.170079
0.240370	0.206310	-0.172925
0.236229	0.216460	-0.170692
0.232831	0.226432	-0.168847
0.232161	0.239165	-0.168868
0.233382	0.250908	-0.167730
0.237247	0.264186	-0.165206
0.241115	0.275921	-0.165201
0.246069	0.291666	-0.161138
0.251529	0.310928	-0.162313
0.256312	0.330082	-0.158080
0.261347	0.352243	-0.157474
0.263338	0.364161	-0.155834
0.265701	0.384674	-0.155362
0.268427	0.399066	-0.151040
0.272717	0.410947	-0.146622
0.278955	0.417500	-0.135784
0.285442	0.420516	-0.128768
0.293081	0.421121	-0.123636
0.299755	0.420779	-0.122375
0.308195	0.419766	-0.114954
0.316274	0.418957	-0.111642
0.326451	0.421214	-0.105424
0.335023	0.425382	-0.103428
0.338994	0.431461	-0.095019
0.337695	0.437218	-0.089336
0.335723	0.442757	-0.088886
0.335765	0.445270	-0.086530
0.337192	0.445284	-0.082170
0.342177	0.444323	-0.078734
0.350191	0.444787	-0.072068
0.359402	0.446703	-0.065820
0.367440	0.450412	-0.058850
0.371910	0.454488	-0.058320
0.368447	0.458577	-0.052778
0.359622	0.462657	-0.048638
0.345937	0.470519	-0.047636
0.332869	0.480341	-0.036495
0.318876	0.492773	-0.030908
0.308909	0.504416	-0.027537
0.312165	0.517651	-0.022766
0.329265	0.529964	-0.022514
0.350949	0.539170	-0.022282
0.369441	0.544393	-0.023800
0.395650	0.549301	-0.025289
0.425734	0.553705	-0.022087
0.451817	0.557120	-0.017370
0.470208	0.558594	-0.012594
0.484198	0.554560	-0.014508
0.491968	0.544390	-0.012220
0.497822	0.525068	-0.006229
0.501743	0.503858	-0.004494
0.504090	0.480292	-0.004734
0.505976	0.463540	-0.002849
0.509587	0.449729	-0.002016
0.512415	0.441920	-0.001631
0.511033	0.436254	0.001559
0.504462	0.433979	0.003323
0.491888	0.432486	0.004875
0.475899	0.431786	0.000718
0.454028	0.433250	-0.001734
0.438185	0.435340	-0.003157
0.416300	0.437959	-0.002505
0.392703	0.438466	-0.002011
0.374532	0.436042	-0.001286
0.356843	0.429440	0.003196
0.340948	0.419762	0.007083
0.322400	0.404369	-0.001986
0.307249	0.385337	-0.006572
0.298110	0.366845	-0.011970
0.293454	0.344771	-0.015124
0.293413	0.325353	-0.017551
0.295773	0.303123	-0.022546
0.299959	0.279651	-0.021384
0.305068	0.257326	-0.019747
0.307202	0.232833	-0.018187
0.307097	0.219310	-0.018387
0.303306	0.195353	-0.016369
0.297016	0.173584	-0.022194
0.288194	0.150646	-0.025506
0.277916	0.132981	-0.029887
0.267267	0.121713	-0.036873
0.253370	0.113875	-0.037152
0.241037	0.111388	-0.042298
0.229732	0.111132	-0.045776
0.225290	0.112958	-0.048608
0.226291	0.117539	-0.063479
0.237628	0.123298	-0.075285
0.253049	0.128710	-0.085233
0.269735	0.129861	-0.097216
0.276272	0.125612	-0.099794
0.272257	0.119330	-0.103276
0.258698	0.108717	-0.101683
0.233581	0.095786	-0.103533
0.191999	0.077548	-0.101807
0.143543	0.051775	-0.095076
0.084033	0.012111	-0.100236
0.033075	-0.031477	-0.101372
-0.020362	-0.084053	-0.098363
-0.062997	-0.134850	-0.100885
-0.095041	-0.177320	-0.099860
-0.119686	-0.218020	-0.104158
-0.136985	-0.252629	-0.102222
-0.145223	-0.284481	-0.102746
-0.147357	-0.309561	-0.103336
-0.138058	-0.330195	-0.100516
-0.127781	-0.342162	-0.100633
-0.107955	-0.351665	-0.099473
-0.081668	-0.357191	-0.104344
-0.055679	-0.360014	-0.108302
-0.022839	-0.363843	-0.110477
0.005808	-0.367571	-0.115136
0.035155	-0.371420	-0.114432
0.057072	-0.370786	-0.120941
0.080221	-0.364559	-0.129403
0.101511	-0.355142	-0.134950
0.122840	-0.346464	-0.136172
0.143825	-0.342532	-0.136466
0.159614	-0.341591	-0.137461
0.166683	-0.348315	-0.145055
0.167023	-0.355627	-0.152970
0.157870	-0.367078	-0.166957
0.145244	-0.378111	-0.170643
0.131990	-0.388636	-0.173215
0.108255	-0.407598	-0.173481
0.089673	-0.426996	-0.171256
0.076019	-0.447788	-0.174650
0.078238	-0.461976	-0.184330
0.085078	-0.472031	-0.179536
0.099321	-0.478563	-0.173465
0.112929	-0.481333	-0.165212
0.128156	-0.482390	-0.163364
0.140797	-0.485611	-0.160598
0.150166	-0.499193	-0.156120
0.155679	-0.518350	-0.157175
0.162528	-0.547168	-0.158972
0.171332	-0.576660	-0.158510
0.185366	-0.612868	-0.162180
0.202518	-0.649086	-0.164539
0.213142	-0.667445	-0.168292
0.233572	-0.698378	-0.161253
0.253884	-0.720710	-0.165768
0.278474	-0.744369	-0.167808
0.299741	-0.765339	-0.173254
0.315773	-0.782185	-0.172857
0.328348	-0.799686	-0.169774
0.336584	-0.815051	-0.168448
0.341052	-0.830564	-0.174962
0.341973	-0.843317	-0.186981
0.338800	-0.852797	-0.197735
0.335885	-0.856743	-0.209949
0.336271	-0.852868	-0.220933
0.339767	-0.842932	-0.224302
0.342609	-0.832059	-0.227554
0.346182	-0.818792	-0.239003
0.349875	-0.812570	-0.249188
0.358750	-0.803888	-0.262296
0.365534	-0.803888	-0.266977
0.369206	-0.809778	-0.268387
0.366723	-0.818770	-0.275878
0.359142	-0.829852	-0.283730
0.346536	-0.842836	-0.292779
0.331845	-0.856076	-0.295450
0.311046	-0.872277	-0.297262
0.290905	-0.886540	-0.293988
0.274927	-0.898993	-0.281669
0.268599	-0.906593	-0.273115
0.268854	-0.909738	-0.269251
0.272494	-0.908969	-0.265014
0.281692	-0.900955	-0.259462
0.290502	-0.890320	-0.256383
0.298302	-0.876489	-0.248787
0.300168	-0.868100	-0.251562
0.296766	-0.859652	-0.248411
0.287569	-0.852279	-0.242324
0.278178	-0.845573	-0.235000
0.270420	-0.836530	-0.233351
0.268619	-0.827561	-0.238835
0.273385	-0.816564	-0.241630
0.286868	-0.808953	-0.244500
0.309171	-0.803429	-0.243700
0.335702	-0.802730	-0.243588
0.360176	-0.806954	-0.244681
0.389001	-0.815278	-0.242373
0.412985	-0.824000	-0.248099
0.430752	-0.835297	-0.254532
0.437334	-0.849628	-0.258215
0.439818	-0.870293	-0.262087
0.437659	-0.892391	-0.263915
0.433765	-0.910908	-0.268699
0.427571	-0.939841	-0.274462
0.422379	-0.965232	-0.278991
0.416838	-0.990990	-0.282268
0.410293	-1.010069	-0.283219
0.400751	-1.026908	-0.285350
0.391077	-1.039801	-0.289221
0.380488	-1.053182	-0.292180
0.373008	-1.064151	-0.297385
0.367631	-1.075768	-0.299659
0.368103	-1.084443	-0.302979
0.372731	-1.087403	-0.307699
0.378135	-1.085040	-0.307863
0.386053	-1.075855	-0.310300
0.400417	-1.060649	-0.306525
0.412487	-1.040625	-0.309807
0.417442	-1.022782	-0.309495
0.414442	-0.992572	-0.306801
0.403620	-0.965010	-0.310701
0.383801	-0.935410	-0.317774
0.362703	-0.911679	-0.311227
0.341101	-0.885171	-0.308882
0.324550	-0.859467	-0.311700
0.314647	-0.827887	-0.314773
0.315461	-0.798631	-0.319425
0.329661	-0.769994	-0.327419
0.351303	-0.748498	-0.331998
0.376310	-0.737824	-0.330843
0.408503	-0.729792	-0.333453
0.439180	-0.726572	-0.332372
0.475433	-0.724642	-0.328029
0.505302	-0.723384	-0.332505
0.526480	-0.722876	-0.333641
0.552336	-0.722137	-0.334528
0.570672	-0.722348	-0.334050
0.584839	-0.726916	-0.338302
0.595132	-0.735390	-0.338602
0.602591	-0.749103	-0.342330
0.605340	-0.762652	-0.346804
0.605798	-0.777880	-0.350756
0.608039	-0.791167	-0.353655
0.611896	-0.803574	-0.364881
0.613372	-0.812815	-0.374626
0.612886	-0.819780	-0.383737
0.610667	-0.825129	-0.390622
0.607336	-0.823409	-0.399524
0.601711	-0.819105	-0.401995
0.599415	-0.814879	-0.406034
0.599071	-0.811936	-0.408200
0.602199	-0.810183	-0.410526
0.606845	-0.807694	-0.410889
0.613184	-0.803016	-0.415644
0.618643	-0.795288	-0.415814
0.622891	-0.780793	-0.419450
0.624009	-0.766011	-0.414468
0.621001	-0.748644	-0.413230
0.616513	-0.733367	-0.423193
0.611668	-0.721279	-0.426208
0.608299	-0.714137	-0.433635
0.608795	-0.716788	-0.435701
0.611855	-0.726257	-0.431871
0.618691	-0.741604	-0.437631
0.627996	-0.763215	-0.434749
0.642985	-0.785773	-0.441256
0.665560	-0.812934	-0.437452
0.678325	-0.827041	-0.431410
0.699226	-0.851873	-0.428460
0.711649	-0.867960	-0.427793
0.721288	-0.879382	-0.424941
0.724897	-0.880628	-0.422432
0.726886	-0.874572	-0.421236
0.729935	-0.857944	-0.421964
0.734389	-0.837316	-0.415103
0.740733	-0.810556	-0.419995
0.746424	-0.786111	-0.418416
0.750956	-0.762879	-0.419374
0.752410	-0.745089	-0.422024
0.746980	-0.735730	-0.422419
0.737283	-0.732566	-0.423998
0.721096	-0.740092	-0.424552
0.706731	-0.750570	-0.424215
0.698463	-0.770535	-0.420806
0.700297	-0.795453	-0.423512
0.706395	-0.811647	-0.420790
0.722510	-0.843521	-0.424760
0.748178	-0.870967	-0.422236
0.785904	-0.898301	-0.425524
0.831308	-0.915780	-0.424915
0.873812	-0.926675	-0.427323
0.920081	-0.928113	-0.427592
0.960599	-0.925934	-0.431441
0.997901	-0.920690	-0.433606
1.024482	-0.915790	-0.437004
1.038831	-0.910302	-0.439168
1.041111	-0.906548	-0.442365
1.030334	-0.903464	-0.444881
1.014057	-0.899655	-0.447705
0.987488	-0.891636	-0.452008
0.959169	-0.881118	-0.450366
0.926093	-0.866455	-0.452713
0.898513	-0.852323	-0.458590
0.881394	-0.841645	-0.456860
0.860848	-0.825719	-0.462907
0.852012	-0.814933	-0.459560
0.848206	-0.805809	-0.459800
0.853593	-0.803331	-0.458259
0.865155	-0.804759	-0.455796
0.883597	-0.810517	-0.455941
0.903307	-0.818788	-0.454543
0.928521	-0.833114	-0.453455
0.951147	-0.848502	-0.449411
0.974367	-0.865872	-0.446353
0.991981	-0.881067	-0.443870
1.007688	-0.896868	-0.443747
1.018395	-0.909623	-0.436913
1.024555	-0.921631	-0.436097
1.027630	-0.929773	-0.436257
1.030228	-0.933206	-0.433870
1.035187	-0.934711	-0.423891
1.039095	-0.929753	-0.415624
1.042875	-0.920017	-0.406856
1.046419	-0.904462	-0.395422
1.051799	-0.879965	-0.383648
1.060756	-0.850321	-0.378292
1.071691	-0.821003	-0.373744
1.086208	-0.785334	-0.363674
1.100546	-0.754632	-0.354889
1.117456	-0.724375	-0.344376
1.131572	-0.701997	-0.337997
1.142877	-0.684817	-0.326224
1.147878	-0.675987	-0.321181
1.147200	-0.671695	-0.314055
1.141845	-0.671659	-0.310025
1.133627	-0.674917	-0.307050
1.127811	-0.678551	-0.301458
1.120273	-0.684873	-0.292224
1.111123	-0.694610	-0.279372
1.100735	-0.706305	-0.275113
1.087479	-0.720909	-0.261751
1.078281	-0.730870	-0.255611
1.070714	-0.737181	-0.249312
1.064590	-0.737850	-0.247497
1.056514	-0.734226	-0.247206
1.048184	-0.727745	-0.241449
1.035648	-0.718283	-0.243050
1.020420	-0.708596	-0.239955
1.000188	-0.697462	-0.241911
0.979376	-0.685708	-0.242226
0.962882	-0.675576	-0.243780
0.949576	-0.664827	-0.252014
0.945014	-0.655635	-0.247355
0.945109	-0.648555	-0.248193
0.949482	-0.638098	-0.244018
0.955646	-0.624180	-0.244161
0.962194	-0.608200	-0.245772
0.969885	-0.592665	-0.247361
0.979592	-0.573835	-0.244045
0.988338	-0.555236	-0.244177
0.998492	-0.532997	-0.244408
1.007996	-0.514579	-0.238776
1.018099	-0.499912	-0.237604
1.026541	-0.493148	-0.237746
1.038341	-0.493878	-0.240435
1.052928	-0.498148	-0.242108
1.070889	-0.508154	-0.242785
1.084422	-0.521738	-0.240850
1.096570	-0.543177	-0.246750
1.107524	-0.566997	-0.245205
1.120907	-0.595279	-0.246685
1.130616	-0.613110	-0.247578
1.143843	-0.634646	-0.251157
1.157367	-0.658218	-0.252560
1.165290	-0.678821	-0.256274
1.167927	-0.701490	-0.258236
1.163538	-0.719549	-0.263150
1.154208	-0.738287	-0.263280
1.142862	-0.751061	-0.261898
1.127691	-0.760121	-0.264850
1.111922	-0.761271	-0.269140
1.092574	-0.756558	-0.276932
1.075161	-0.746167	-0.282873
1.061193	-0.733845	-0.288969
1.049039	-0.717713	-0.292067
1.037709	-0.704057	-0.295241
1.023744	-0.690966	-0.295058
1.009356	-0.679057	-0.292048
0.994135	-0.667970	-0.289017
0.984954	-0.660392	-0.292859
0.979963	-0.651037	-0.291226
0.988188	-0.641254	-0.286690
1.007980	-0.634670	-0.283820
1.035511	-0.629420	-0.284537
1.062771	-0.628566	-0.281498
1.093690	-0.628872	-0.280417
1.113178	-0.629883	-0.281936
1.129284	-0.630685	-0.286335
1.132718	-0.630116	-0.285839
1.132177	-0.628329	-0.285433
1.124025	-0.624401	-0.281743
1.109794	-0.619710	-0.283114
1.086880	-0.618378	-0.281130
1.060611	-0.620711	-0.278596
1.022914	-0.622851	-0.276856
0.985485	-0.621559	-0.281011
0.957689	-0.617794	-0.281102
0.921603	-0.610847	-0.280210
0.890724	-0.599828	-0.284019
0.869205	-0.589177	-0.283672
0.857420	-0.576562	-0.285908
0.854489	-0.564124	-0.281204
0.860616	-0.554969	-0.280082
0.873095	-0.546417	-0.279283
0.891333	-0.543353	-0.277836
0.917797	-0.542946	-0.277720
0.944555	-0.541631	-0.279597
0.974880	-0.537314	-0.282854
1.000057	-0.530453	-0.280420
1.028340	-0.521075	-0.279166
1.045710	-0.509768	-0.279453
1.052661	-0.503099	-0.278185
1.056010	-0.491516	-0.279386
1.055478	-0.482276	-0.282023
1.051946	-0.478993	-0.282680
1.048364	-0.482141	-0.284110
1.044306	-0.493801	-0.285052
1.039428	-0.510962	-0.285484
1.036119	-0.526721	-0.281546
1.032350	-0.542302	-0.283734
1.028111	-0.543455	-0.285287
1.021752	-0.530445	-0.283700
1.013697	-0.503806	-0.282431
1.000709	-0.468702	-0.284395
0.983945	-0.435078	-0.285977
0.960802	-0.397666	-0.289447
0.938764	-0.368595	-0.287505
0.916052	-0.340529	-0.287186
0.905895	-0.326197	-0.291667
0.896529	-0.309992	-0.291731
0.896663	-0.298521	-0.290195
0.900370	-0.291478	-0.294470
0.910911	-0.290162	-0.290676
0.924004	-0.291726	-0.292920
0.938161	-0.295358	-0.296708
0.955689	-0.301567	-0.297159
0.971932	-0.312304	-0.297712
0.990465	-0.330732	-0.304152
1.008069	-0.354180	-0.307253
1.029587	-0.386015	-0.305205
1.047059	-0.413044	-0.303508
1.063735	-0.439582	-0.300362
1.079565	-0.460522	-0.305050
1.093446	-0.474649	-0.308563
1.101918	-0.481500	-0.311819
1.110816	-0.487823	-0.316272
1.115588	-0.490696	-0.313644
1.118242	-0.490728	-0.321521
1.121911	-0.485735	-0.318455
1.127753	-0.476498	-0.322253
1.134374	-0.466665	-0.325482
1.143302	-0.457219	-0.335009
1.154642	-0.449374	-0.342506
1.171743	-0.439994	-0.349108
1.188809	-0.435582	-0.363780
1.209613	-0.434015	-0.374629
1.230064	-0.434285	-0.380789
1.252660	-0.436755	-0.394922
1.271401	-0.439947	-0.401479
1.291165	-0.443555	-0.409563
1.303308	-0.447409	-0.410503
1.319001	-0.453934	-0.413872
1.330288	-0.464522	-0.411075
1.334861	-0.476728	-0.418301
1.335686	-0.494238	-0.426159
1.334332	-0.512515	-0.425190
1.329685	-0.532479	-0.429863
1.321481	-0.548325	-0.438073
1.305447	-0.561631	-0.446645
1.287371	-0.569566	-0.452679
1.274488	-0.567380	-0.454758
1.270286	-0.558640	-0.457366
1.267052	-0.548771	-0.461290
1.259777	-0.538892	-0.466737
1.250512	-0.531374	-0.470022
1.238971	-0.521992	-0.478375
1.231452	-0.509133	-0.480017
1.227176	-0.497519	-0.483954
1.218718	-0.482495	-0.485797
1.209676	-0.471159	-0.491347
1.202207	-0.461282	-0.493839
1.197737	-0.455650	-0.499280
1.194272	-0.452486	-0.507283
1.190578	-0.452228	-0.521619
1.184038	-0.455440	-0.529224
1.173161	-0.462709	-0.538635
1.157800	-0.473839	-0.553715
1.137041	-0.488251	-0.556068
1.118089	-0.501068	-0.562733
1.097303	-0.516387	-0.575563
1.079623	-0.532463	-0.587651
1.059288	-0.550632	-0.600042
1.039165	-0.565530	-0.605894
1.023097	-0.573310	-0.602100
0.997799	-0.580812	-0.602649
0.977185	-0.583674	-0.604562
0.960930	-0.584194	-0.605026
0.953067	-0.582853	-0.602951
0.947424	-0.580441	-0.598326
0.944799	-0.577662	-0.597760
0.944428	-0.576694	-0.595073
0.942887	-0.578455	-0.593675
0.939783	-0.581558	-0.586489
0.937246	-0.582492	-0.585035
0.937257	-0.579599	-0.587930
0.940035	-0.574135	-0.595462
0.946014	-0.567358	-0.605259
0.955971	-0.559682	-0.625962
0.965380	-0.553509	-0.629266
0.981007	-0.545176	-0.643951
1.003951	-0.537068	-0.662689
1.027130	-0.533902	-0.673662
1.056641	-0.536781	-0.689143
1.088854	-0.547814	-0.699909
1.117427	-0.563771	-0.708716
1.143993	-0.586625	-0.727354
1.162611	-0.606368	-0.743633
1.175685	-0.624250	-0.763630
1.183360	-0.638379	-0.774733
1.186179	-0.650544	-0.782380
1.187054	-0.658622	-0.792289
1.185086	-0.661911	-0.801128
1.181545	-0.662563	-0.815189
1.177688	-0.661606	-0.821360
1.168827	-0.659479	-0.830652
1.159154	-0.653385	-0.845960
1.150715	-0.644228	-0.845360
1.142173	-0.630925	-0.852626
1.133150	-0.620544	-0.850904
1.118713	-0.612177	-0.845391
1.100396	-0.605161	-0.842238
1.076000	-0.600478	-0.834971
1.051936	-0.598941	-0.836143
1.031824	-0.603142	-0.833978
1.009432	-0.610311	-0.823083
0.994887	-0.618120	-0.813684
0.982368	-0.627555	-0.804645
0.975710	-0.632745	-0.798916
0.970476	-0.635427	-0.796112
0.963742	-0.633777	-0.788571
0.958264	-0.628249	-0.775634
0.946495	-0.621285	-0.763077
0.929789	-0.616816	-0.753865
0.902645	-0.619607	-0.740176
0.877361	-0.626797	-0.730766
0.855207	-0.639963	-0.721940
0.842102	-0.654883	-0.703407
0.837660	-0.668842	-0.693329
0.834378	-0.684425	-0.682741
0.828294	-0.703518	-0.672663
0.815549	-0.731124	-0.656188
0.797686	-0.756293	-0.633897
0.772636	-0.783257	-0.619710
0.753543	-0.799805	-0.607252
0.727671	-0.822345	-0.592508
0.705608	-0.843471	-0.578945
0.690879	-0.860922	-0.564586
0.678892	-0.878693	-0.545917
0.667209	-0.894910	-0.527546
0.661683	-0.906083	-0.515183
0.660732	-0.915653	-0.504110
0.662753	-0.920261	-0.492417
0.664941	-0.923225	-0.480776
0.665447	-0.927794	-0.467151
0.665292	-0.937049	-0.458080
0.664378	-0.953108	-0.449895
0.664870	-0.971406	-0.436167
0.672641	-0.994219	-0.421567
0.686754	-1.013885	-0.413340
0.701753	-1.026451	-0.404444
0.724107	-1.040583	-0.397664
0.748494	-1.051719	-0.390442
0.769482	-1.060103	-0.389054
0.787382	-1.067006	-0.384435
0.799414	-1.072612	-0.378974
0.805036	-1.079901	-0.383596
0.805069	-1.089340	-0.380197
0.799833	-1.097860	-0.384486
0.791521	-1.106210	-0.376766
0.783241	-1.112541	-0.371837
0.775595	-1.118037	-0.365371
0.771081	-1.120712	-0.358761
0.765378	-1.123274	-0.345332
0.756269	-1.126395	-0.337802
0.741747	-1.130424	-0.336778
0.730359	-1.133584	-0.336744
0.713165	-1.138265	-0.334574
0.691108	-1.143182	-0.333619
0.669701	-1.147170	-0.334918
0.646845	-1.147889	-0.335358
0.627095	-1.146986	-0.328176
0.611801	-1.147828	-0.327547
0.602624	-1.149924	-0.332027
0.597146	-1.146606	-0.333821
0.589126	-1.136286	-0.336974
0.576342	-1.123392	-0.338481
0.555383	-1.106756	-0.339938
0.535046	-1.091488	-0.338453
0.512210	-1.075922	-0.337726
0.490922	-1.064724	-0.339702
0.465728	-1.054332	-0.342025
0.442554	-1.046611	-0.338891
0.418776	-1.040622	-0.339170
0.406084	-1.038755	-0.337359
0.393565	-1.038783	-0.334168
0.391439	-1.042293	-0.333899
0.398072	-1.044719	-0.331868
0.412494	-1.044501	-0.325975
0.428772	-1.042924	-0.327461
0.451016	-1.045129	-0.320927
0.472286	-1.053972	-0.314486
0.495746	-1.072910	-0.309463
0.513170	-1.096988	-0.305592
0.526011	-1.129483	-0.297923
0.531375	-1.164131	-0.296049
0.532516	-1.195367	-0.292611
0.529913	-1.227246	-0.291618
0.525273	-1.252297	-0.290668
0.518002	-1.276498	-0.293958
0.510748	-1.297530	-0.294975
0.504783	-1.313324	-0.296557
0.494997	-1.333104	-0.296317
0.478425	-1.355869	-0.301866
0.454465	-1.382719	-0.305470
0.430050	-1.409670	-0.302232
0.403570	-1.440571	-0.305823
0.384388	-1.464205	-0.305032
0.369216	-1.484369	-0.303161
0.361905	-1.496167	-0.305026
0.359199	-1.503649	-0.305815
0.359813	-1.504806	-0.304427
0.363166	-1.499235	-0.308163
0.370876	-1.481864	-0.311429
0.380101	-1.458875	-0.313072
0.394096	-1.423704	-0.320510
0.408686	-1.388573	-0.324915
0.418685	-1.363128	-0.325990
0.431302	-1.327672	-0.329088
0.436014	-1.304001	-0.330603
0.432327	-1.286225	-0.334516
0.421611	-1.278842	-0.336462
0.406909	-1.275810	-0.337611
0.391213	-1.275652	-0.342861
0.367756	-1.278971	-0.349046
0.343352	-1.282523	-0.350226
0.316370	-1.284135	-0.353537
0.291367	-1.285382	-0.353888
0.259757	-1.289035	-0.353996
0.230681	-1.294654	-0.354374
0.197487	-1.303635	-0.358128
0.168937	-1.314981	-0.361502
0.147704	-1.325232	-0.367102
0.130065	-1.335711	-0.372234
0.120736	-1.341505	-0.375119
0.105575	-1.349239	-0.376730
0.092363	-1.352724	-0.382481
0.076998	-1.349683	-0.386737
0.061755	-1.342630	-0.391881
0.044080	-1.329502	-0.395629
0.029121	-1.311413	-0.395163
0.019171	-1.290051	-0.397826
0.010677	-1.261538	-0.405239
0.007605	-1.239260	-0.402372
0.008499	-1.218136	-0.405111
0.014640	-1.204442	-0.403458
0.023024	-1.192977	-0.404784
0.027560	-1.189313	-0.404416
0.031006	-1.187294	-0.408703
0.025554	-1.189860	-0.408806
0.021002	-1.191782	-0.411408
0.009071	-1.193992	-0.411958
-0.003426	-1.195853	-0.418195
-0.015038	-1.195529	-0.421700
-0.021380	-1.192609	-0.426836
-0.021064	-1.190695	-0.430252
-0.017719	-1.191623	-0.431024
-0.009652	-1.191414	-0.438530
0.003045	-1.188817	-0.438386
0.020921	-1.181518	-0.450870
0.046940	-1.169315	-0.456393
0.073377	-1.155210	-0.459233
0.095359	-1.144068	-0.466467
0.114291	-1.131058	-0.471769
0.127161	-1.117509	-0.477607
0.133230	-1.106764	-0.475782
0.141742	-1.089807	-0.480296
0.146135	-1.075559	-0.486094
0.149084	-1.059880	-0.487937
0.148561	-1.050670	-0.497037
0.146214	-1.043809	-0.501282
0.136626	-1.045425	-0.498484
0.119089	-1.052605	-0.503512
0.098775	-1.066359	-0.508695
0.074970	-1.085720	-0.514760
0.051839	-1.107118	-0.521249
0.031758	-1.125975	-0.529412
0.012348	-1.148318	-0.538752
-0.002754	-1.168817	-0.539873
-0.012111	-1.187695	-0.539606
-0.016417	-1.199325	-0.536667
-0.015242	-1.215174	-0.528207
-0.009244	-1.234833	-0.523411
-0.000983	-1.252607	-0.518345
0.007568	-1.272078	-0.517882
0.015780	-1.286672	-0.518417
0.026103	-1.300935	-0.524048
0.034102	-1.314141	-0.522228
0.042227	-1.332059	-0.526693
0.050670	-1.353393	-0.532401
0.060583	-1.372638	-0.531063
0.072921	-1.394405	-0.532531
0.082549	-1.414730	-0.530531
0.085172	-1.442093	-0.532248
0.079835	-1.468962	-0.533992
0.065200	-1.500248	-0.530840
0.045981	-1.528080	-0.531989
0.026189	-1.547131	-0.531883
-0.009172	-1.574206	-0.535575
-0.041967	-1.589938	-0.540157
-0.076425	-1.601588	-0.542606
-0.104462	-1.606771	-0.544056
-0.135822	-1.610746	-0.544133
-0.159830	-1.612542	-0.546789
-0.182252	-1.613177	-0.540958
-0.192607	-1.613926	-0.538301
-0.196817	-1.615791	-0.537690
-0.189577	-1.620288	-0.534323
-0.176570	-1.626616	-0.530619
-0.155593	-1.638204	-0.531115
-0.136025	-1.650531	-0.529261
-0.114255	-1.663440	-0.531462
-0.096060	-1.673313	-0.533672
-0.085107	-1.680942	-0.532662
-0.073247	-1.693123	-0.533101
-0.069476	-1.702928	-0.538942
-0.070859	-1.712292	-0.537535
-0.075236	-1.718580	-0.541771
-0.081048	-1.724822	-0.538147
-0.088172	-1.731523	-0.536576
-0.097855	-1.741014	-0.533407
-0.107559	-1.750696	-0.529988
-0.118352	-1.761930	-0.531383
-0.126194	-1.771030	-0.530505
-0.129996	-1.776008	-0.532948
-0.131953	-1.777957	-0.533754
-0.132484	-1.777018	-0.531704
-0.131548	-1.773668	-0.537933
-0.129802	-1.768638	-0.540826
-0.129503	-1.763268	-0.542811
-0.130833	-1.752942	-0.542358
-0.132781	-1.743504	-0.542019
-0.133361	-1.734960	-0.538938
-0.128932	-1.729605	-0.542801
-0.119553	-1.727002	-0.538567
-0.110543	-1.728975	-0.537575
-0.101433	-1.736513	-0.530853
-0.095842	-1.750839	-0.528954
-0.092743	-1.773634	-0.525589
-0.096492	-1.801250	-0.521549
-0.105706	-1.826874	-0.516758
-0.121175	-1.853574	-0.518972
-0.138531	-1.873610	-0.519608
-0.159667	-1.893016	-0.521568
-0.176066	-1.906793	-0.520605
-0.186293	-1.916600	-0.521822
-0.196326	-1.928747	-0.519965
-0.199301	-1.933908	-0.522328
-0.197738	-1.934277	-0.523220
-0.189231	-1.927893	-0.520354
-0.175653	-1.916589	-0.522230
-0.162279	-1.905656	-0.523632
-0.146554	-1.893982	-0.525603
-0.130161	-1.882288	-0.526557
-0.116622	-1.870940	-0.531018
-0.103432	-1.856158	-0.534222
-0.093924	-1.841978	-0.535498
-0.081967	-1.825005	-0.543610
-0.070555	-1.810145	-0.547487
-0.059194	-1.793512	-0.549372
-0.049299	-1.781215	-0.551022
-0.040902	-1.773746	-0.554397
-0.029338	-1.766091	-0.556019
-0.022684	-1.761773	-0.551143
-0.021520	-1.762864	-0.546750
-0.024961	-1.770579	-0.548880
-0.036046	-1.788614	-0.544693
-0.055706	-1.816067	-0.540095
-0.080248	-1.844378	-0.538856
-0.112117	-1.873865	-0.531953
-0.138375	-1.894796	-0.533194
-0.164535	-1.916317	-0.538803
-0.180869	-1.928661	-0.538290
-0.196156	-1.938648	-0.536849
-0.201569	-1.941844	-0.530862
-0.203337	-1.944096	-0.523371
-0.202615	-1.946629	-0.518461
-0.201652	-1.950606	-0.512303
-0.201046	-1.957634	-0.503400
-0.200250	-1.966829	-0.500273
-0.199320	-1.972141	-0.492142
-0.198899	-1.972035	-0.484055
-0.197400	-1.966504	-0.479271
-0.193955	-1.959209	-0.472003
-0.185123	-1.952081	-0.468508
-0.169208	-1.943220	-0.458625
-0.148317	-1.930974	-0.452124
-0.121130	-1.911945	-0.443516
-0.095547	-1.892100	-0.437811
-0.067359	-1.869163	-0.429323
-0.041230	-1.846079	-0.428432
-0.018334	-1.825543	-0.428305
-0.003108	-1.813421	-0.431382
0.016356	-1.800143	-0.426622
0.033241	-1.793568	-0.418205
0.045857	-1.792640	-0.411195
0.052931	-1.804608	-0.409809
0.054757	-1.825774	-0.402471
0.048901	-1.851577	-0.404248
0.036348	-1.882635	-0.398223
0.018127	-1.912714	-0.399711
-0.006545	-1.948764	-0.400493
-0.027453	-1.981836	-0.399149
-0.048615	-2.021249	-0.410020
-0.059651	-2.045733	-0.412018
-0.076960	-2.086003	-0.418240
-0.084354	-2.106211	-0.428165
-0.087949	-2.118016	-0.431438
-0.085607	-2.117433	-0.435148
-0.079043	-2.111482	-0.434894
-0.065242	-2.094584	-0.437537
-0.049630	-2.074448	-0.438402
-0.036590	-2.049405	-0.442439
-0.031034	-2.027471	-0.446318
-0.043376	-2.014677	-0.447939
-0.068407	-2.010880	-0.446954
-0.103395	-2.014112	-0.448629
-0.148729	-2.017446	-0.442612
-0.188164	-2.021407	-0.441876
-0.225914	-2.025194	-0.438512
-0.254590	-2.031194	-0.442843
-0.285573	-2.042013	-0.442906
-0.312327	-2.058169	-0.438347
-0.333572	-2.075975	-0.434323
-0.345818	-2.091502	-0.431478
-0.358976	-2.113357	-0.432068
-0.365565	-2.135082	-0.433799
-0.368517	-2.154535	-0.433331
-0.365500	-2.163540	-0.435255
-0.359057	-2.167882	-0.436549
-0.350759	-2.162491	-0.441810
-0.338970	-2.149751	-0.446976
-0.329397	-2.132822	-0.450590
-0.320240	-2.112017	-0.459975
-0.313161	-2.095414	-0.465139
-0.304464	-2.080688	-0.464188
-0.295815	-2.074869	-0.463096
-0.284027	-2.073278	-0.465723
-0.271887	-2.076912	-0.465884
-0.256393	-2.082978	-0.472214
-0.244763	-2.096872	-0.473318
-0.237453	-2.112385	-0.474149
-0.224966	-2.147690	-0.474216
-0.209629	-2.184818	-0.483915
-0.185661	-2.227325	-0.482923
-0.160581	-2.262885	-0.479665
-0.128428	-2.289991	-0.487070
-0.097763	-2.307003	-0.495008
-0.068781	-2.308017	-0.494173
-0.048271	-2.301005	-0.498002
-0.038410	-2.288036	-0.497594
-0.033652	-2.268843	-0.499108
-0.036395	-2.247786	-0.501899
-0.046192	-2.222388	-0.511089
-0.063150	-2.199934	-0.511155
-0.090448	-2.175718	-0.511576
-0.118972	-2.156445	-0.516051
-0.141724	-2.142194	-0.519070
-0.176555	-2.125656	-0.524777
-0.208442	-2.113456	-0.524939
-0.240634	-2.108834	-0.527396
-0.266116	-2.111295	-0.530219
-0.287482	-2.123442	-0.532673
-0.304408	-2.143672	-0.539713
-0.316784	-2.171089	-0.547880
-0.331786	-2.209195	-0.551646
-0.347809	-2.248142	-0.563663
-0.368110	-2.294458	-0.566727
-0.383352	-2.332748	-0.575899
-0.394524	-2.370856	-0.583565
-0.398974	-2.396626	-0.594438
-0.398524	-2.413782	-0.595494
-0.395266	-2.418937	-0.606789
-0.389919	-2.414409	-0.619277
-0.385234	-2.405554	-0.621083
-0.377593	-2.389212	-0.616090
-0.366619	-2.367442	-0.625151
-0.355423	-2.348315	-0.631581
-0.346671	-2.332416	-0.636874
-0.341656	-2.321273	-0.639846
-0.336406	-2.315667	-0.646128
-0.328546	-2.313026	-0.651237
-0.320896	-2.310602	-0.656680
-0.313570	-2.307874	-0.655837
-0.311392	-2.308207	-0.658467
-0.315011	-2.311712	-0.656838
-0.324190	-2.317451	-0.663412
-0.340380	-2.326570	-0.672833
-0.357786	-2.336421	-0.675293
-0.366740	-2.340513	-0.679736
-0.382713	-2.344914	-0.685477
-0.398212	-2.346559	-0.689790
-0.420638	-2.348305	-0.693843
-0.452150	-2.347063	-0.695779
-0.489731	-2.340697	-0.698283
-0.542819	-2.328616	-0.700180
-0.596456	-2.317022	-0.703850
-0.658739	-2.304068	-0.704622
-0.709869	-2.290254	-0.707590
-0.757449	-2.270865	-0.711264
-0.796843	-2.248873	-0.715047
-0.815673	-2.226881	-0.718541
-0.825307	-2.199974	-0.721338
-0.816784	-2.176516	-0.719961
-0.797690	-2.150708	-0.724329
-0.781434	-2.138878	-0.724652
-0.747263	-2.120470	-0.722128
-0.711283	-2.110397	-0.719768
-0.664079	-2.104285	-0.720591
-0.618152	-2.103173	-0.713626
-0.565422	-2.107562	-0.709453
-0.523806	-2.115814	-0.706030
-0.488610	-2.129035	-0.710725
-0.468207	-2.141067	-0.707750
-0.455333	-2.146717	-0.706661
-0.450098	-2.143557	-0.706318
-0.451857	-2.135988	-0.707394
-0.463490	-2.120015	-0.711365
-0.478416	-2.100434	-0.704864
-0.500031	-2.074659	-0.703726
-0.522102	-2.052093	-0.699232
-0.539587	-2.037591	-0.698974
-0.568852	-2.018883	-0.695570
-0.595427	-2.009246	-0.685971
-0.622667	-2.005987	-0.685096
-0.644255	-2.012956	-0.677723
-0.669013	-2.027971	-0.673849
-0.689825	-2.047329	-0.668750
-0.712352	-2.071673	-0.657745
-0.732360	-2.099156	-0.651792
-0.747137	-2.126393	-0.648105
-0.759097	-2.158606	-0.638099
-0.769133	-2.188385	-0.632861
-0.779767	-2.217454	-0.619580
-0.788949	-2.241082	-0.603893
-0.796865	-2.263049	-0.596014
-0.802154	-2.284188	-0.586007
-0.806400	-2.306231	-0.583165
-0.808281	-2.319848	-0.571157
-0.808239	-2.335710	-0.566375
-0.805029	-2.352853	-0.546820
-0.800665	-2.363590	-0.535095
-0.795695	-2.371277	-0.518872
-0.788761	-2.371095	-0.508441
-0.777684	-2.366092	-0.495665
-0.766248	-2.359116	-0.488205
-0.756838	-2.353106	-0.477920
-0.752119	-2.349817	-0.473021
-0.752529	-2.348660	-0.465915
-0.758318	-2.350164	-0.456309
-0.766204	-2.352141	-0.448059
-0.778987	-2.358235	-0.438971
-0.791670	-2.366014	-0.433050
-0.806535	-2.377857	-0.426335
-0.816354	-2.385500	-0.421228
-0.828691	-2.392653	-0.415864
-0.842751	-2.396513	-0.410874
-0.853814	-2.392963	-0.403705
-0.864439	-2.381353	-0.397765
-0.868500	-2.362071	-0.389175
-0.869279	-2.334604	-0.383857
-0.867324	-2.303986	-0.377319
-0.865478	-2.276522	-0.370446
-0.866794	-2.251963	-0.360015
-0.870094	-2.234111	-0.350588
-0.873323	-2.225626	-0.342906
-0.875037	-2.224700	-0.332423
-0.875952	-2.236591	-0.316173
-0.874493	-2.251799	-0.300448
-0.869672	-2.281225	-0.295535
-0.865652	-2.306084	-0.289857
-0.861740	-2.343652	-0.278212
-0.858019	-2.387083	-0.272083
-0.853129	-2.427428	-0.265001
-0.844225	-2.475831	-0.257747
-0.834651	-2.516903	-0.249535
-0.823700	-2.562731	-0.243606
-0.814369	-2.604735	-0.242543
-0.807237	-2.641332	-0.241044
-0.800105	-2.675452	-0.237746
-0.793302	-2.699376	-0.232549
-0.783954	-2.715757	-0.226084
-0.774895	-2.722997	-0.223635
-0.764638	-2.721287	-0.215943
-0.755514	-2.711944	-0.210361
-0.752093	-2.704509	-0.204863
-0.747936	-2.688098	-0.202172
-0.745206	-2.675524	-0.198582
-0.741912	-2.663966	-0.197693
-0.741838	-2.654594	-0.197109
-0.746099	-2.641477	-0.201941
-0.754019	-2.626388	-0.200121
-0.762265	-2.613214	-0.203158
-0.768791	-2.597828	-0.198946
-0.770100	-2.583062	-0.198561
-0.765735	-2.568511	-0.197287
-0.757553	-2.557126	-0.197296
-0.736895	-2.543193	-0.198920
-0.707719	-2.527141	-0.199551
-0.677815	-2.514619	-0.198608
-0.642253	-2.502603	-0.205651
-0.622168	-2.496420	-0.207470
-0.586524	-2.486694	-0.212031
-0.555334	-2.481330	-0.207977
-0.529723	-2.479258	-0.216554
-0.506172	-2.480121	-0.218752
-0.488116	-2.482578	-0.223657
-0.473130	-2.486914	-0.222100
-0.463261	-2.490742	-0.224612
-0.460325	-2.491152	-0.222690
-0.467012	-2.487331	-0.229166
-0.480436	-2.480327	-0.230084
-0.502298	-2.471214	-0.234897
-0.525438	-2.466272	-0.241098
-0.553999	-2.465453	-0.242105
-0.582980	-2.467314	-0.247972
-0.617430	-2.470648	-0.242521
-0.634996	-2.471986	-0.243506
-0.662761	-2.472747	-0.248068
-0.684046	-2.471569	-0.255779
-0.697946	-2.470994	-0.257709
-0.706646	-2.473152	-0.260640
-0.708129	-2.477969	-0.267267
-0.704079	-2.485684	-0.270454
-0.697291	-2.493733	-0.272462
-0.687927	-2.503097	-0.278960
-0.679014	-2.511127	-0.280734
-0.667025	-2.520369	-0.282112
-0.655065	-2.528345	-0.284646
-0.643160	-2.535374	-0.290035
-0.636284	-2.539443	-0.293867
-0.635473	-2.540789	-0.299554
-0.643295	-2.540213	-0.303996
-0.649554	-2.540228	-0.308600
-0.662627	-2.539069	-0.312609
-0.674807	-2.532142	-0.319824
-0.683382	-2.520386	-0.322657
-0.690822	-2.500756	-0.324555
-0.695513	-2.479548	-0.326403
-0.696758	-2.454187	-0.331318
-0.693861	-2.432562	-0.337494
-0.689476	-2.410178	-0.343128
-0.685394	-2.389453	-0.347072
-0.681306	-2.368779	-0.350214
-0.674774	-2.342696	-0.353992
-0.665312	-2.317333	-0.365744
-0.651378	-2.289535	-0.372925
-0.639367	-2.267730	-0.381081
-0.632398	-2.254447	-0.384309
-0.624975	-2.236838	-0.388665
-0.623141	-2.225966	-0.392287
-0.626324	-2.220044	-0.397152
-0.633368	-2.222016	-0.401900
-0.643573	-2.231541	-0.411182
-0.653566	-2.249209	-0.405547
-0.661394	-2.269726	-0.409308
-0.668483	-2.296886	-0.407824
-0.673735	-2.323017	-0.408407
-0.679463	-2.351227	-0.410112
-0.685156	-2.375350	-0.408335
-0.692080	-2.401815	-0.408812
-0.698288	-2.427138	-0.414427
-0.702531	-2.451085	-0.414568
-0.702690	-2.465729	-0.417605
-0.700178	-2.470955	-0.414459
-0.695789	-2.476525	-0.417107
-0.690894	-2.478786	-0.416469
-0.684605	-2.481129	-0.417628
-0.679222	-2.486300	-0.415590
-0.673233	-2.494481	-0.421641
-0.668615	-2.502795	-0.420196
-0.663125	-2.510513	-0.420359
-0.657898	-2.516287	-0.419988
-0.651478	-2.523123	-0.422743
-0.648401	-2.528813	-0.423893
-0.645702	-2.532556	-0.430216
-0.646692	-2.529225	-0.432160
-0.653040	-2.518450	-0.432509
-0.664373	-2.505077	-0.427597
-0.679421	-2.489944	-0.430892
-0.695979	-2.475278	-0.426332
-0.711208	-2.462765	-0.425569
-0.720994	-2.456804	-0.428394
-0.732829	-2.451781	-0.426173
-0.737797	-2.451716	-0.429934
-0.735010	-2.454382	-0.424699
-0.724337	-2.457434	-0.415714
-0.709435	-2.458724	-0.412476
-0.692235	-2.455192	-0.411645
-0.668367	-2.446370	-0.412188
-0.648954	-2.435473	-0.404968
-0.632867	-2.424391	-0.401273
-0.626817	-2.416939	-0.401167
-0.624522	-2.410179	-0.401734
-0.624607	-2.405155	-0.404326
-0.623109	-2.398741	-0.406645
-0.618114	-2.393353	-0.407232
-0.611730	-2.390309	-0.409071
-0.604404	-2.391158	-0.406438
-0.592536	-2.394967	-0.405475
-0.578070	-2.402350	-0.402030
-0.567043	-2.409116	-0.398346
-0.561198	-2.412973	-0.394937
-0.560795	-2.414898	-0.392893
-0.563299	-2.416815	-0.395918
-0.564554	-2.420046	-0.390787
-0.565883	-2.421642	-0.392716
-0.568745	-2.422838	-0.392944
-0.569938	-2.424744	-0.396198
-0.569153	-2.429367	-0.398449
-0.566292	-2.436406	-0.398175
-0.563067	-2.446726	-0.395781
-0.561498	-2.457014	-0.395211
-0.561219	-2.468399	-0.392889
-0.562453	-2.477404	-0.395897
-0.564432	-2.483143	-0.391756
-0.565128	-2.484758	-0.391113
-0.564361	-2.484538	-0.391164
-0.560205	-2.480146	-0.389647
-0.555068	-2.474214	-0.392970
-0.547123	-2.465410	-0.393303
-0.534058	-2.451674	-0.390806
-0.519910	-2.436223	-0.391479
-0.503520	-2.416433	-0.385569
-0.487957	-2.396039	-0.384260
-0.469132	-2.370479	-0.383821
-0.452084	-2.349167	-0.381365
-0.432810	-2.328407	-0.384845
-0.416830	-2.316470	-0.381225
-0.399001	-2.311222	-0.376939
-0.380758	-2.313320	-0.373796
-0.357170	-2.320639	-0.369320
-0.336021	-2.331004	-0.366586
-0.321409	-2.340122	-0.362820
-0.306250	-2.352939	-0.362863
-0.297701	-2.363053	-0.358411
-0.297023	-2.371021	-0.353378
-0.300871	-2.377582	-0.352828
-0.308095	-2.385097	-0.350212
-0.313162	-2.391796	-0.348205
-0.315697	-2.394258	-0.348120
-0.317116	-2.391560	-0.350717
-0.319575	-2.382653	-0.348046
-0.326063	-2.367099	-0.347447
-0.335099	-2.351319	-0.343850
-0.347049	-2.333441	-0.343109
-0.354470	-2.318816	-0.342762
-0.354971	-2.305299	-0.341903
-0.348322	-2.296585	-0.341300
-0.340028	-2.292571	-0.340641
-0.326998	-2.292397	-0.340869
-0.317550	-2.297240	-0.344409
-0.309397	-2.307601	-0.339568
-0.304951	-2.318667	-0.339469
-0.303490	-2.331598	-0.336479
-0.303695	-2.342275	-0.332918
-0.303454	-2.353199	-0.336160
-0.302653	-2.361779	-0.336455
-0.303031	-2.366170	-0.335660
-0.303625	-2.367709	-0.339134
-0.302259	-2.366370	-0.339910
-0.298801	-2.363683	-0.341995
-0.296304	-2.363056	-0.341763
-0.295389	-2.364974	-0.344914
-0.295361	-2.367294	-0.345885
-0.296998	-2.369531	-0.354323
-0.299910	-2.370229	-0.363590
-0.305054	-2.368383	-0.362702
-0.308713	-2.366110	-0.364958
-0.316026	-2.359721	-0.369694
-0.322551	-2.353266	-0.376126
-0.330011	-2.347057	-0.377682
-0.336946	-2.342465	-0.384604
-0.342556	-2.336812	-0.389604
-0.343378	-2.329816	-0.390459
-0.339084	-2.318781	-0.389324
-0.327376	-2.302323	-0.389319
-0.311981	-2.282694	-0.392090
-0.292028	-2.256468	-0.392358
-0.274313	-2.231440	-0.395223
-0.255676	-2.204430	-0.402122
-0.242463	-2.183769	-0.402164
-0.231346	-2.163175	-0.405601
-0.227561	-2.150888	-0.406355
-0.227737	-2.142732	-0.414548
-0.232822	-2.144371	-0.421650
-0.238680	-2.151492	-0.428837
-0.252879	-2.170864	-0.432357
-0.273606	-2.193597	-0.437657
-0.305558	-2.222192	-0.436327
-0.337709	-2.247934	-0.438310
-0.375539	-2.273805	-0.446011
-0.409304	-2.295411	-0.449154
-0.440702	-2.308829	-0.451374
-0.465048	-2.310570	-0.451912
-0.475990	-2.299458	-0.456694
-0.479594	-2.279891	-0.455393
-0.473199	-2.259876	-0.454614
-0.459063	-2.238329	-0.455489
-0.442629	-2.221552	-0.457855
-0.424615	-2.202132	-0.459591
-0.414603	-2.190025	-0.461517
-0.402325	-2.173661	-0.453747
-0.392943	-2.158270	-0.456357
-0.386464	-2.147913	-0.454345
-0.380679	-2.139421	-0.447664
-0.376153	-2.132191	-0.443812
-0.375175	-2.132170	-0.442192
-0.376083	-2.139894	-0.437342
-0.378601	-2.153297	-0.434642
-0.381005	-2.169384	-0.434913
-0.381272	-2.181494	-0.432445
-0.379621	-2.193264	-0.429918
-0.376277	-2.202843	-0.428870
-0.373090	-2.212744	-0.427916
-0.370506	-2.219141	-0.427110
-0.366639	-2.225515	-0.432878
-0.355992	-2.229200	-0.429951
-0.332913	-2.229918	-0.428193
-0.302354	-2.227809	-0.428207
-0.265015	-2.224617	-0.427481
-0.234269	-2.220637	-0.424887
-0.203171	-2.215137	-0.426842
-0.183060	-2.206104	-0.425896
-0.164548	-2.192891	-0.428008
-0.154187	-2.178278	-0.425644
-0.143284	-2.158903	-0.428782
-0.135102	-2.142289	-0.427335
-0.126820	-2.124767	-0.425877
-0.121645	-2.114096	-0.429687
-0.119683	-2.108907	-0.427800
-0.120270	-2.106843	-0.430821
-0.122398	-2.103323	-0.430622
-0.129600	-2.101752	-0.430793
-0.141874	-2.102994	-0.426973
-0.155554	-2.107922	-0.419247
-0.170464	-2.115477	-0.420762
-0.182344	-2.125057	-0.418672
-0.196151	-2.139036	-0.423309
-0.208181	-2.156738	-0.417920
-0.219395	-2.174387	-0.415433
-0.233483	-2.192835	-0.417765
-0.246557	-2.207059	-0.417524
-0.258747	-2.224257	-0.420463
-0.267066	-2.242051	-0.421604
-0.271726	-2.256137	-0.418569
-0.279901	-2.278193	-0.420356
-0.285566	-2.296503	-0.420518
-0.288138	-2.314491	-0.429600
-0.283233	-2.327845	-0.429873
-0.273230	-2.341885	-0.430895
-0.259767	-2.352781	-0.426189
-0.246769	-2.360814	-0.424340
-0.230571	-2.372996	-0.424356
-0.213861	-2.385599	-0.418615
-0.196103	-2.400115	-0.416128
-0.181850	-2.412522	-0.414122
-0.168724	-2.425135	-0.415494
-0.157245	-2.433982	-0.416667
-0.145364	-2.439755	-0.412576
-0.136782	-2.443424	-0.410700
-0.131249	-2.445892	-0.409669
-0.129486	-2.446922	-0.412033
-0.133216	-2.442870	-0.413421
-0.140087	-2.431784	-0.409195
-0.150834	-2.408940	-0.404869
-0.164901	-2.373369	-0.405961
-0.173682	-2.334216	-0.401592
-0.178357	-2.286070	-0.407765
-0.178556	-2.246933	-0.407437
-0.178018	-2.211304	-0.404257
-0.176702	-2.192540	-0.403942
-0.174396	-2.179893	-0.400706
-0.169232	-2.177815	-0.399408
-0.161554	-2.180793	-0.398375
-0.145917	-2.192981	-0.397484
-0.126901	-2.207801	-0.399629
-0.103602	-2.223218	-0.400209
-0.087397	-2.230984	-0.401601
-0.062126	-2.237582	-0.401817
-0.029795	-2.242303	-0.398071
-0.000932	-2.241899	-0.407724
0.029422	-2.239321	-0.403205
0.051579	-2.238566	-0.404049
0.070069	-2.242068	-0.406610
0.073750	-2.253290	-0.403431
0.069558	-2.267890	-0.402516
0.062276	-2.286954	-0.404824
0.054703	-2.304745	-0.405918
0.040807	-2.328116	-0.409467
0.024077	-2.350816	-0.414280
0.001932	-2.375302	-0.418924
-0.023062	-2.397150	-0.415611
-0.037564	-2.407945	-0.415974
-0.061868	-2.424155	-0.419788
-0.075059	-2.434566	-0.421703
-0.079796	-2.444501	-0.418269
-0.071698	-2.453770	-0.417548
-0.055284	-2.462429	-0.417514
-0.027684	-2.473156	-0.419574
0.000641	-2.483595	-0.418133
0.029365	-2.494848	-0.417858
0.049789	-2.501529	-0.420126
0.069186	-2.501743	-0.417569
0.085923	-2.493739	-0.412420
0.097687	-2.480640	-0.410960
0.107975	-2.458764	-0.410820
0.113965	-2.432852	-0.410624
0.113623	-2.412265	-0.412029
0.104449	-2.386035	-0.410371
0.089599	-2.367997	-0.410744
0.068854	-2.351824	-0.410634
0.048636	-2.340760	-0.414426
0.027007	-2.331983	-0.414821
0.012242	-2.326691	-0.416196
0.005598	-2.323399	-0.410479
0.008900	-2.324160	-0.414905
0.017053	-2.328518	-0.413417
0.031965	-2.336397	-0.407301
0.048105	-2.343645	-0.407648
0.070009	-2.349686	-0.404072
0.092086	-2.354209	-0.404517
0.115344	-2.358837	-0.403983
0.127498	-2.361697	-0.404165
0.146012	-2.365726	-0.402901
0.156827	-2.364691	-0.396499
0.161877	-2.361448	-0.397388
0.168201	-2.359092	-0.393298
0.172505	-2.359268	-0.386012
0.173823	-2.359622	-0.387278
0.169690	-2.357907	-0.381489
0.160456	-2.352534	-0.378239
0.146899	-2.347729	-0.373389
0.128747	-2.346991	-0.376364
0.111804	-2.352523	-0.374925
0.094270	-2.364688	-0.373618
0.082598	-2.378567	-0.376923
0.074814	-2.390027	-0.379328
0.070294	-2.403095	-0.379305
0.068141	-2.416586	-0.381038
0.067506	-2.427629	-0.385701
0.065357	-2.444138	-0.386865
0.066574	-2.463670	-0.386337
0.078676	-2.480579	-0.387903
0.100221	-2.491476	-0.389419
0.132312	-2.499725	-0.386373
0.164120	-2.502491	-0.384208
0.199627	-2.501353	-0.383480
0.199627	-2.501353	-0.383480
0.199627	-2.501353	-0.383480
0.199627	-2.501353	-0.383480
